6.666666666666666297e-01 3.333333333333333703e-01 5.000000000000000000e-01
6.666442717547973462e-01 3.333557282452026538e-01 5.054642361189891631e-01
6.665770930375745085e-01 3.334229069624255470e-01 5.109270037849426016e-01
6.664651485685353371e-01 3.335348514314646629e-01 5.163868349394549195e-01
6.663084684315182527e-01 3.336915315684818029e-01 5.218422623132756843e-01
6.661070947325774538e-01 3.338929052674225462e-01 5.272918198206222318e-01
6.658610815886678580e-01 3.341389184113321420e-01 5.327340429531730592e-01
6.655704951131016234e-01 3.344295048868983766e-01 5.381674691736391125e-01
6.652354133977809170e-01 3.347645866022191941e-01 5.435906383088042748e-01
6.648559264922113687e-01 3.351440735077886868e-01 5.490020929419303641e-01
6.644321363793027624e-01 3.355678636206972376e-01 5.544003788044222780e-01
6.639641569479618477e-01 3.360358430520381523e-01 5.597840451666464823e-01
6.634521139624861563e-01 3.365478860375138437e-01 5.651516452277982605e-01
6.628961450287659263e-01 3.371038549712340737e-01 5.705017365047139188e-01
6.622963995573045715e-01 3.377036004426954285e-01 5.758328812195216972e-01
6.616530387230658006e-01 3.383469612769342549e-01 5.811436466860290251e-01
6.609662354221597091e-01 3.390337645778402909e-01 5.864326056947408716e-01
6.602361742253791688e-01 3.397638257746209423e-01 5.916983368964068291e-01
6.594630513285979490e-01 3.405369486714020510e-01 5.969394251839924559e-01
6.586470745000458926e-01 3.413529254999542184e-01 6.021544620729742947e-01
6.577884630244728026e-01 3.422115369755272529e-01 6.073420460798539811e-01
6.568874476442185806e-01 3.431125523557814194e-01 6.125007830987916346e-01
6.559442704972038296e-01 3.440557295027961704e-01 6.176292867762567251e-01
6.549591850518573510e-01 3.450408149481426490e-01 6.227261788835946055e-01
6.539324560390000762e-01 3.460675439610000348e-01 6.277900896874105685e-01
6.528643593807008649e-01 3.471356406192991351e-01 6.328196583176708412e-01
6.517551821161263748e-01 3.482448178838736808e-01 6.378135331334205960e-01
6.506052223244014332e-01 3.493947776755985668e-01 6.427703720860235004e-01
6.494147890445044480e-01 3.505852109554956075e-01 6.476888430798213303e-01
6.481842021922159525e-01 3.518157978077840475e-01 6.525676243301210544e-01
6.469137924741453771e-01 3.530862075258546784e-01 6.574054047184090255e-01
6.456039012988566972e-01 3.543960987011434138e-01 6.622008841446999083e-01
6.442548806851190468e-01 3.557451193148810642e-01 6.669527738769244207e-01
6.428670931673055033e-01 3.571329068326945522e-01 6.716597968972611854e-01
6.414409116979659098e-01 3.585590883020340902e-01 6.763206882453217661e-01
6.399767195476000481e-01 3.600232804523999519e-01 6.809341953580946294e-01
6.384749102016580302e-01 3.615250897983419698e-01 6.854990784065572162e-01
6.369358872547952188e-01 3.630641127452048922e-01 6.900141106288668613e-01
6.353600643024104322e-01 3.646399356975895678e-01 6.944780786600390776e-01
6.337478648294977424e-01 3.662521351705022576e-01 6.988897828580260541e-01
6.320997220968382901e-01 3.679002779031618209e-01 7.032480376261073252e-01
6.304160790245669777e-01 3.695839209754330223e-01 7.075516717315057935e-01
6.286973880731425712e-01 3.713026119268574288e-01 7.117995286201431737e-01
6.269441111217537443e-01 3.730558888782462557e-01 7.159904667274518131e-01
6.251567193441941450e-01 3.748432806558058550e-01 7.201233597851567358e-01
6.233356930822397945e-01 3.766643069177602055e-01 7.241970971239486410e-01
6.214815217165625683e-01 3.785184782834374873e-01 7.282105839719632545e-01
6.195947035352141752e-01 3.804052964647858803e-01 7.321627417489896539e-01
6.176757455997173851e-01 3.823242544002826704e-01 7.360525083563262960e-01
6.157251636087982538e-01 3.842748363912017462e-01 7.398788384622091430e-01
6.137434817597982040e-01 3.862565182402017960e-01 7.436407037827318378e-01
6.117312326078016005e-01 3.882687673921983995e-01 7.473370933581868769e-01
6.096889569225174554e-01 3.903110430774826001e-01 7.509670138247486193e-01
6.076172035429534546e-01 3.923827964570466009e-01 7.545294896814300767e-01
6.055165292299219404e-01 3.944834707700781151e-01 7.580235635522369897e-01
6.033874985164161542e-01 3.966125014835839013e-01 7.614482964434523549e-01
6.012306835558984819e-01 3.987693164441016291e-01 7.648027679959810143e-01
5.990466639685403383e-01 4.009533360314597727e-01 7.680860767326855854e-01
5.968360266854558782e-01 4.031639733145441773e-01 7.712973403006484485e-01
5.945993657909707242e-01 4.054006342090292758e-01 7.744356957082945137e-01
5.923372823629683426e-01 4.076627176370317129e-01 7.775002995573103703e-01
5.900503843113567015e-01 4.099496156886434095e-01 7.804903282692987609e-01
5.877392862146996189e-01 4.122607137853004367e-01 7.834049783071059814e-01
5.854046091550555442e-01 4.145953908449445113e-01 7.862434663907631460e-01
5.830469805510682946e-01 4.169530194489317054e-01 7.890050297079844732e-01
5.806670339893558186e-01 4.193329660106442369e-01 7.916889261191648597e-01
5.782654090542398428e-01 4.217345909457602127e-01 7.942944343568210108e-01
5.758427511558656953e-01 4.241572488441343602e-01 7.968208542194246125e-01
5.733997113567548265e-01 4.266002886432452290e-01 7.992675067595735872e-01
5.709369461968391013e-01 4.290630538031608987e-01 8.016337344664521414e-01
5.684551175170232673e-01 4.315448824829767882e-01 8.039189014425283109e-01
5.659548922813217864e-01 4.340451077186782136e-01 8.061223935744461500e-01
5.634369423976205438e-01 4.365630576023795117e-01 8.082436186980600512e-01
5.609019445371081769e-01 4.390980554628918231e-01 8.102820067575737806e-01
5.583505799524289825e-01 4.416494200475710730e-01 8.122370099587361558e-01
5.557835342946030321e-01 4.442164657053969679e-01 8.141081029160541771e-01
5.532014974287656761e-01 4.467985025712343239e-01 8.158947827939855291e-01
5.506051632487736214e-01 4.493948367512264341e-01 8.175965694420690433e-01
5.479952294907284305e-01 4.520047705092715695e-01 8.192130055239610353e-01
5.453723975454681794e-01 4.546276024545318206e-01 8.207436566403381040e-01
5.427373722700760128e-01 4.572626277299239872e-01 8.221881114456379702e-01
5.400908617984576665e-01 4.599091382015423335e-01 8.235459817586041620e-01
5.374335773510384717e-01 4.625664226489615283e-01 8.248169026666044568e-01
5.347662330436304678e-01 4.652337669563695322e-01 8.260005326236983247e-01
5.320895456955221370e-01 4.679104543044779185e-01 8.270965535424228410e-01
5.294042346368403873e-01 4.705957653631596682e-01 8.281046708792754174e-01
5.267110215152392971e-01 4.732889784847607029e-01 8.290246137138691518e-01
5.240106301019650248e-01 4.759893698980350307e-01 8.298561348217394773e-01
5.213037860973499527e-01 4.786962139026500473e-01 8.305990107407832390e-01
5.185912169357893564e-01 4.814087830642106991e-01 8.312530418313117675e-01
5.158736515902508923e-01 4.841263484097491632e-01 8.318180523297014073e-01
5.131518203763715258e-01 4.868481796236284742e-01 8.322938903956281775e-01
5.104264547561931931e-01 4.895735452438068624e-01 8.326804281528736862e-01
5.076982871415903764e-01 4.923017128584096791e-01 8.329775617236897522e-01
5.049680506974425498e-01 4.950319493025574502e-01 8.331852112567148527e-01
5.022364791446043419e-01 4.977635208553956581e-01 8.333033209484329573e-01
4.995043065627261525e-01 5.004956934372738475e-01 8.333318590581706431e-01
4.967722671929780121e-01 5.032277328070220435e-01 8.332708179166261608e-01
4.940410952407308653e-01 5.059589047592691902e-01 8.331202139279316743e-01
4.913115246782467360e-01 5.086884753217533195e-01 8.328800875652435654e-01
4.885842890474319522e-01 5.114157109525681033e-01 8.325505033598668003e-01
4.858601212627056687e-01 5.141398787372943868e-01 8.321315498839121361e-01
4.831397534140373651e-01 5.168602465859626349e-01 8.316233397264933824e-01
4.804239165702056669e-01 5.195760834297943331e-01 8.310260094634711603e-01
4.777133405823318912e-01 5.222866594176681643e-01 8.303397196207482622e-01
4.750087538877403315e-01 5.249912461122596685e-01 8.295646546311314928e-01
4.723108833141989593e-01 5.276891166858009852e-01 8.287010227847664279e-01
4.696204538845926701e-01 5.303795461154073854e-01 8.277490561731619678e-01
4.669381886220809186e-01 5.330618113779190814e-01 8.267090106268186744e-01
4.642648083557938121e-01 5.357351916442061324e-01 8.255811656464767667e-01
4.616010315271167341e-01 5.383989684728832659e-01 8.243658243280034270e-01
4.589475739966175083e-01 5.410524260033825472e-01 8.230633132809392905e-01
4.563051488516666199e-01 5.436948511483333801e-01 8.216739825407256559e-01
4.536744662148030627e-01 5.463255337851968818e-01 8.201982054746363993e-01
4.510562330528965491e-01 5.489437669471034509e-01 8.186363786814392363e-01
4.484511529871579305e-01 5.515488470128420140e-01 8.169889218848152002e-01
4.458599261040491757e-01 5.541400738959508798e-01 8.152562778205614258e-01
4.432832487671423127e-01 5.567167512328576873e-01 8.134389121176113235e-01
4.407218134299799583e-01 5.592781865700200417e-01 8.115373131729017864e-01
4.381763084499856742e-01 5.618236915500143258e-01 8.095519920201222908e-01
4.356474179034757199e-01 5.643525820965242801e-01 8.074834821923797534e-01
4.331358214018211639e-01 5.668641785981788361e-01 8.053323395788176686e-01
4.306421939088095896e-01 5.693578060911903549e-01 8.030991422752271625e-01
4.281672055592563031e-01 5.718327944407437524e-01 8.007844904286898213e-01
4.257115214789130020e-01 5.742884785210869980e-01 7.983890060762948160e-01
4.232758016057222017e-01 5.767241983942777983e-01 7.959133329779736199e-01
4.208607005124668232e-01 5.791392994875331768e-01 7.933581364434967309e-01
4.184668672308604620e-01 5.815331327691395380e-01 7.907241031536782483e-01
4.160949450771276314e-01 5.839050549228723686e-01 7.880119409758390425e-01
4.137455714791193895e-01 5.862544285208806105e-01 7.852223787735743699e-01
4.114193778050118655e-01 5.885806221949881900e-01 7.823561662108802217e-01
4.091169891936329850e-01 5.908830108063670705e-01 7.794140735506895901e-01
4.068390243864631328e-01 5.931609756135369782e-01 7.763968914478724948e-01
4.045860955613555521e-01 5.954139044386445034e-01 7.733054307367565050e-01
4.023588081680200546e-01 5.976411918319799454e-01 7.701405222132233774e-01
4.001577607653152846e-01 5.998422392346847154e-01 7.669030164114429837e-01
3.979835448603923354e-01 6.020164551396076646e-01 7.635937833753003723e-01
3.958367447497342928e-01 6.041632552502658182e-01 7.602137124245820221e-01
3.937179373621323419e-01 6.062820626378677691e-01 7.567637119159804637e-01
3.916276921036431768e-01 6.083723078963568787e-01 7.532447089989838807e-01
3.895665707045668502e-01 6.104334292954332053e-01 7.496576493667145291e-01
3.875351270684885274e-01 6.124648729315115281e-01 7.460034970017844769e-01
3.855339071234225035e-01 6.144660928765774965e-01 7.422832339172358296e-01
3.835634486751003380e-01 6.164365513248997175e-01 7.384978598926352777e-01
3.816242812624415781e-01 6.183757187375584774e-01 7.346483922053951288e-01
3.797169260152459258e-01 6.202830739847541297e-01 7.307358653573904350e-01
3.778418955141453761e-01 6.221581044858546239e-01 7.267613307969486014e-01
3.759996936528536837e-01 6.240003063471463163e-01 7.227258566362840808e-01
3.741908155027509619e-01 6.258091844972490936e-01 7.186305273644549851e-01
3.724157471798381636e-01 6.275842528201618364e-01 7.144764435559186611e-01
3.706749657140991916e-01 6.293250342859009194e-01 7.102647215747648346e-01
3.689689389213040016e-01 6.310310610786959984e-01 7.059964932747042621e-01
3.672981252772888894e-01 6.327018747227111106e-01 7.016729056948965981e-01
3.656629737947453274e-01 6.343370262052546726e-01 6.972951207516951966e-01
3.640639239025536544e-01 6.359360760974464011e-01 6.928643149263963297e-01
3.625014053276905956e-01 6.374985946723094044e-01 6.883816789490714294e-01
3.609758379797456396e-01 6.390241620202543604e-01 6.838484174785720571e-01
3.594876318380744173e-01 6.405123681619256937e-01 6.792657487787919779e-01
3.580371868416214465e-01 6.419628131583785535e-01 6.746349043912708288e-01
3.566248927814413827e-01 6.433751072185587283e-01 6.699571288042320827e-01
3.552511291959461470e-01 6.447488708040539640e-01 6.652336791181396869e-01
3.539162652689089583e-01 6.460837347310911527e-01 6.604658247078671884e-01
3.526206597302497525e-01 6.473793402697503030e-01 6.556548468815661668e-01
3.513646607596309646e-01 6.486353392403690910e-01 6.508020385363298965e-01
3.501486058928875433e-01 6.498513941071125677e-01 6.459087038107408363e-01
3.489728219313182889e-01 6.510271780686817111e-01 6.409761577343983108e-01
3.478376248538616600e-01 6.521623751461383955e-01 6.360057258745179798e-01
3.467433197321796445e-01 6.532566802678203555e-01 6.309987439797016817e-01
3.456902006486733958e-01 6.543097993513267152e-01 6.259565576209684679e-01
3.446785506174515623e-01 6.553214493825485487e-01 6.208805218301477469e-01
3.437086415082737378e-01 6.562913584917263732e-01 6.157720007357300185e-01
3.427807339734880721e-01 6.572192660265119279e-01 6.106323671962712307e-01
3.418950773779843022e-01 6.581049226220156978e-01 6.054630024314535675e-01
3.410519097321791371e-01 6.589480902678209739e-01 6.002652956508967019e-01
3.402514576280539771e-01 6.597485423719460229e-01 5.950406436808240995e-01
3.394939361782608467e-01 6.605060638217391533e-01 5.897904505886806259e-01
3.387795489583130815e-01 6.612204510416870296e-01 5.845161273058057105e-01
3.381084879518764241e-01 6.618915120481235759e-01 5.792190912482600984e-01
3.374809334991762944e-01 6.625190665008237056e-01 5.739007659359121050e-01
3.368970542485325570e-01 6.631029457514675540e-01 5.685625806098815183e-01
3.363570071110374426e-01 6.636429928889625574e-01 5.632059698484477295e-01
3.358609372183876118e-01 6.641390627816123882e-01 5.578323731815213460e-01
3.354089778838814651e-01 6.645910221161186460e-01 5.524432347037877555e-01
3.350012505665924678e-01 6.649987494334075322e-01 5.470400026866224508e-01
3.346378648387287047e-01 6.653621351612714063e-01 5.416241291888829190e-01
3.343189183561863231e-01 6.656810816438136769e-01 5.361970696666856773e-01
3.340444968323058594e-01 6.659555031676941406e-01 5.307602825822670400e-01
3.338146740148373315e-01 6.661853259851626685e-01 5.253152290120384205e-01
3.336295116661216476e-01 6.663704883338783524e-01 5.198633722539375279e-01
3.334890595464926610e-01 6.665109404535074500e-01 5.144061774341841531e-01
3.333933554009043121e-01 6.666066445990956879e-01 5.089451111135425698e-01
3.333424249487876301e-01 6.666575750512123699e-01 5.034816408932004661e-01
3.333362818771384295e-01 6.666637181228616260e-01 4.980172350203668774e-01
3.333749278368391966e-01 6.666250721631608034e-01 4.925533619936967589e-01
3.334583524422156664e-01 6.665416475577843336e-01 4.870914901686493326e-01
3.335865332738275901e-01 6.664134667261724099e-01 4.816330873628821840e-01
3.337594358844938602e-01 6.662405641155062508e-01 4.761796204617930184e-01
3.339770138085497164e-01 6.660229861914503946e-01 4.707325550243091072e-01
3.342392085743339791e-01 6.657607914256661319e-01 4.652933548890358373e-01
3.345459497199024801e-01 6.654540502800975199e-01 4.598634817808647801e-01
3.348971548119643593e-01 6.651028451880356407e-01 4.544443949181530273e-01
3.352927294680344561e-01 6.647072705319656549e-01 4.490375506205726563e-01
3.357325673817980194e-01 6.642674326182019806e-01 4.436444019177423481e-01
3.362165503516793552e-01 6.637834496483207003e-01 4.382663981587405777e-01
3.367445483126069172e-01 6.632554516873930828e-01 4.329049846226102893e-01
3.373164193709671244e-01 6.626835806290328756e-01 4.275616021299549208e-01
3.379320098427365249e-01 6.620679901572634751e-01 4.222376866557344677e-01
3.385911542947828146e-01 6.614088457052171854e-01 4.169346689433632847e-01
3.392936755893229961e-01 6.607063244106770039e-01 4.116539741202128178e-01
3.400393849315272998e-01 6.599606150684727002e-01 4.063970213146254618e-01
3.408280819202558209e-01 6.591719180797442901e-01 4.011652232745382962e-01
3.416595546019137730e-01 6.583404453980862270e-01 3.959599859878238926e-01
3.425335795274122019e-01 6.574664204725878536e-01 3.907827083044455585e-01
3.434499218122168962e-01 6.565500781877832148e-01 3.856347815605328799e-01
3.444083351994712827e-01 6.555916648005287728e-01 3.805175892044743713e-01
3.454085621261753225e-01 6.545914378738246775e-01 3.754325064251323174e-01
3.464503337924025317e-01 6.535496662075974683e-01 3.703808997822748417e-01
3.475333702335370312e-01 6.524666297664629688e-01 3.653641268393288399e-01
3.486573803955110851e-01 6.513426196044889149e-01 3.603835357985494259e-01
3.498220622130224222e-01 6.501779377869776333e-01 3.554404651387053082e-01
3.510271026907111347e-01 6.489728973092888653e-01 3.505362432553784657e-01
3.522721779872737269e-01 6.477278220127262731e-01 3.456721881039707123e-01
3.535569535024917220e-01 6.464430464975082780e-01 3.408496068455198480e-01
3.548810839671519002e-01 6.451189160328480998e-01 3.360697954954127153e-01
3.562442135358334649e-01 6.437557864641665351e-01 3.313340385750968009e-01
3.576459758825378810e-01 6.423540241174621190e-01 3.266436087668783683e-01
3.590859942991344589e-01 6.409140057008656521e-01 3.219997665719036561e-01
3.605638817965968190e-01 6.394361182034031810e-01 3.174037599714129021e-01
3.620792412090019230e-01 6.379207587909980770e-01 3.128568240913595089e-01
3.636316653002638066e-01 6.363683346997361934e-01 3.083601808704828917e-01
3.652207368735740922e-01 6.347792631264259633e-01 3.039150387319269342e-01
3.668460288835185823e-01 6.331539711164814177e-01 2.995225922584889844e-01
3.685071045508415688e-01 6.314928954491584312e-01 2.951840218715887643e-01
3.702035174798247175e-01 6.297964825201752825e-01 2.909004935140437897e-01
3.719348117782517171e-01 6.280651882217482829e-01 2.866731583367347902e-01
3.737005221799236665e-01 6.262994778200764445e-01 2.825031523892467256e-01
3.755001741696946116e-01 6.244998258303053884e-01 2.783915963145675576e-01
3.773332841109920954e-01 6.226667158890080156e-01 2.743395950479288192e-01
3.791993593757891357e-01 6.208006406242109199e-01 2.703482375198654752e-01
3.810978984769924915e-01 6.189021015230075085e-01 2.664185963635786747e-01
3.830283912032121374e-01 6.169716087967879181e-01 2.625517276266766675e-01
3.849903187558741946e-01 6.150096812441258054e-01 2.587486704873744880e-01
3.869831538886432942e-01 6.130168461113567613e-01 2.550104469752255687e-01
3.890063610491131807e-01 6.109936389508868748e-01 2.513380616964634440e-01
3.910593965227313618e-01 6.089406034772686382e-01 2.477325015640239325e-01
3.931417085789158383e-01 6.068582914210841617e-01 2.441947355323239033e-01
3.952527376193269992e-01 6.047472623806730008e-01 2.407257143368650709e-01
3.973919163282528255e-01 6.026080836717472300e-01 2.373263702387352070e-01
3.995586698250694346e-01 6.004413301749306209e-01 2.339976167740720481e-01
4.017524158187337213e-01 5.982475841812663342e-01 2.307403485085612327e-01
4.039725647642674056e-01 5.960274352357326499e-01 2.275554407970314386e-01
4.062185200211906322e-01 5.937814799788093678e-01 2.244437495482132783e-01
4.084896780138629890e-01 5.915103219861370665e-01 2.214061109947219053e-01
4.107854283936874795e-01 5.892145716063125205e-01 2.184433414683296104e-01
4.131051542031350388e-01 5.868948457968650168e-01 2.155562371805854749e-01
4.154482320415446850e-01 5.845517679584553150e-01 2.127455740088428082e-01
4.178140322326561740e-01 5.821859677673438815e-01 2.100121072877497164e-01
4.202019189938281385e-01 5.797980810061719170e-01 2.073565716062620301e-01
4.226112506068977481e-01 5.773887493931022519e-01 2.047796806102303857e-01
4.250413795906355374e-01 5.749586204093645181e-01 2.022821268106156367e-01
4.274916528747481070e-01 5.725083471252518930e-01 1.998645813973848884e-01
4.299614119753845110e-01 5.700385880246154890e-01 1.975276940591356167e-01
4.324499931720960921e-01 5.675500068279039079e-01 1.952720928084996643e-01
4.349567276862039700e-01 5.650432723137960300e-01 1.930983838133715769e-01
4.374809418605255518e-01 5.625190581394744482e-01 1.910071512340080768e-01
4.400219573404133833e-01 5.599780426595866167e-01 1.889989570660408069e-01
4.425790912560546575e-01 5.574209087439453425e-01 1.870743409894466414e-01
4.451516564059853631e-01 5.548483435940146924e-01 1.852338202235145892e-01
4.477389614417675023e-01 5.522610385582324977e-01 1.834778893878488693e-01
4.503403110537821386e-01 5.496596889462178614e-01 1.818070203694452380e-01
4.529550061580856490e-01 5.470449938419144065e-01 1.802216621958765974e-01
4.555823440842808880e-01 5.444176559157191120e-01 1.787222409146219104e-01
4.582216187643524119e-01 5.417783812356475881e-01 1.773091594785704550e-01
4.608721209224135307e-01 5.391278790775865248e-01 1.759827976377331127e-01
4.635331382653175014e-01 5.364668617346824986e-01 1.747435118371882257e-01
4.662039556740779078e-01 5.337960443259220922e-01 1.735916351212911102e-01
4.688838553960489319e-01 5.311161446039510681e-01 1.725274770441722061e-01
4.715721172378132264e-01 5.284278827621867736e-01 1.715513235865478991e-01
4.742680187587265950e-01 5.257319812412734050e-01 1.706634370788658872e-01
4.769708354650654125e-01 5.230291645349345320e-01 1.698640561308072949e-01
4.796798410047266037e-01 5.203201589952733963e-01 1.691533955671626344e-01
4.823943073624260558e-01 5.176056926375739442e-01 1.685316463701003742e-01
4.851135050553456729e-01 5.148864949446543271e-01 1.679989756278419955e-01
4.878367033291732269e-01 5.121632966708268286e-01 1.675555264897596319e-01
4.905631703544846012e-01 5.094368296455153988e-01 1.672014181279055101e-01
4.932921734234149702e-01 5.067078265765850853e-01 1.669367457049863446e-01
4.960229791465654015e-01 5.039770208534346541e-01 1.667615803487891846e-01
4.987548536500939766e-01 5.012451463499060234e-01 1.666759691330665927e-01
5.014870627729358654e-01 4.985129372270641901e-01 1.666799350648861533e-01
5.042188722641008924e-01 4.957811277358991631e-01 1.667734770784475296e-01
5.069495479799952520e-01 4.930504520200047480e-01 1.669565700353689564e-01
5.096783560817151892e-01 4.903216439182848663e-01 1.672291647314428364e-01
5.124045632322571375e-01 4.875954367677428625e-01 1.675911879098587187e-01
5.151274367935949616e-01 4.848725632064050384e-01 1.680425422808906610e-01
5.178462450235670200e-01 4.821537549764329800e-01 1.685831065480422053e-01
5.205602572725250843e-01 4.794397427274749712e-01 1.692127354406439133e-01
5.232687441796876060e-01 4.767312558203124495e-01 1.699312597528930824e-01
5.259709778691474824e-01 4.740290221308525176e-01 1.707384863893259275e-01
5.286662321454811408e-01 4.713337678545189147e-01 1.716341984167099044e-01
5.313537826889043192e-01 4.686462173110956808e-01 1.726181551223419652e-01
5.340329072499264695e-01 4.659670927500735305e-01 1.736900920787376457e-01
5.367028858434464977e-01 4.632971141565535578e-01 1.748497212146929991e-01
5.393630009422408778e-01 4.606369990577591778e-01 1.760967308927004482e-01
5.420125376697908504e-01 4.579874623302090941e-01 1.774307859926978481e-01
5.446507839923987460e-01 4.553492160076012540e-01 1.788515280021283904e-01
5.472770309105376985e-01 4.527229690894623015e-01 1.803585751122872005e-01
5.498905726493886759e-01 4.501094273506113796e-01 1.819515223209275945e-01
5.524907068485083173e-01 4.475092931514916827e-01 1.836299415411013491e-01
5.550767347505820570e-01 4.449232652494179430e-01 1.853933817162022879e-01
5.576479613892063592e-01 4.423520386107936408e-01 1.872413689411827065e-01
5.602036957756536539e-01 4.397963042243463461e-01 1.891734065899101647e-01
5.627432510845677971e-01 4.372567489154322029e-01 1.911889754486303383e-01
5.652659448385406460e-01 4.347340551614593540e-01 1.932875338554995159e-01
5.677710990915209033e-01 4.322289009084791522e-01 1.954685178461508244e-01
5.702580406110037137e-01 4.297419593889962863e-01 1.977313413052532165e-01
5.727261010589557166e-01 4.272738989410443389e-01 2.000753961240235856e-01
5.751746171714217093e-01 4.248253828285782907e-01 2.025000523636485417e-01
5.776029309367715081e-01 4.223970690632285474e-01 2.050046584245747150e-01
5.800103897725317204e-01 4.199896102274683352e-01 2.075885412216180725e-01
5.823963467007610140e-01 4.176036532992390415e-01 2.102510063648484473e-01
5.847601605219177046e-01 4.152398394780824065e-01 2.129913383461988219e-01
5.871011959871752506e-01 4.128988040128247494e-01 2.158088007317506274e-01
5.894188239691389164e-01 4.105811760308611946e-01 2.187026363596420997e-01
5.917124216309155305e-01 4.082875783690845251e-01 2.216720675435470134e-01
5.939813725934953714e-01 4.060186274065046841e-01 2.247162962816695586e-01
5.962250671013960002e-01 4.037749328986039998e-01 2.278345044711977962e-01
5.984429021865285137e-01 4.015570978134715419e-01 2.310258541281607347e-01
6.006342818302374820e-01 3.993657181697625735e-01 2.342894876126266901e-01
6.027986171234751556e-01 3.972013828765248444e-01 2.376245278591846977e-01
6.049353264250636464e-01 3.950646735749364091e-01 2.410300786126456374e-01
6.070438355180048928e-01 3.929561644819951627e-01 2.445052246689016773e-01
6.091235777637952209e-01 3.908764222362048346e-01 2.480490321208769777e-01
6.111739942547030902e-01 3.888260057452969654e-01 2.516605486095048194e-01
6.131945339639689463e-01 3.868054660360310537e-01 2.553388035796632094e-01
6.151846538938884335e-01 3.848153461061116221e-01 2.590828085410016302e-01
6.171438192217360008e-01 3.828561807782639992e-01 2.628915573335861566e-01
6.190715034434935982e-01 3.809284965565064018e-01 2.667640263982945514e-01
6.209671885153422721e-01 3.790328114846578389e-01 2.706991750518856765e-01
6.228303649928802477e-01 3.771696350071198078e-01 2.746959457666718896e-01
6.246605321680315237e-01 3.753394678319684763e-01 2.787532644547182636e-01
6.264571982036051256e-01 3.735428017963949854e-01 2.828700407564914698e-01
6.282198802654707093e-01 3.717801197345294018e-01 2.870451683338821613e-01
6.299481046523149885e-01 3.700518953476851225e-01 2.912775251675202570e-01
6.316414069229440154e-01 3.683585930770560957e-01 2.955659738583065188e-01
6.332993320210963395e-01 3.667006679789036605e-01 2.999093619330750471e-01
6.349214343977347408e-01 3.650785656022653702e-01 3.043065221543083121e-01
6.365072781307815619e-01 3.634927218692184936e-01 3.087562728338183460e-01
6.380564370422693310e-01 3.619435629577306690e-01 3.132574181503136046e-01
6.395684948128705916e-01 3.604315051871294640e-01 3.178087484707621257e-01
6.410430450937790736e-01 3.589569549062210374e-01 3.224090406754668292e-01
6.424796916159117854e-01 3.575203083840882701e-01 3.270570584867660280e-01
6.438780482964016061e-01 3.561219517035983939e-01 3.317515528012682235e-01
6.452377393423531782e-01 3.547622606576468218e-01 3.364912620255363640e-01
6.465583993518327910e-01 3.534416006481672090e-01 3.412749124151260860e-01
6.478396734120661637e-01 3.521603265879338363e-01 3.461012184168908989e-01
6.490812171948173726e-01 3.509187828051826274e-01 3.509688830144595539e-01
6.502826970489232750e-01 3.497173029510767250e-01 3.558765980767962800e-01
6.514437900899584521e-01 3.485562099100415479e-01 3.608230447097454663e-01
6.525641842870071319e-01 3.474358157129928681e-01 3.658068936104704738e-01
6.536435785465175563e-01 3.463564214534824437e-01 3.708268054246878775e-01
6.546816827932180338e-01 3.453183172067819662e-01 3.758814311066059344e-01
6.556782180480711375e-01 3.443217819519288625e-01 3.809694122814645256e-01
6.566329165032463999e-01 3.433670834967536001e-01 3.860893816105835930e-01
6.575455215940907427e-01 3.424544784059093128e-01 3.912399631588205917e-01
6.584157880680769903e-01 3.415842119319230652e-01 3.964197727643368196e-01
6.592434820507133697e-01 3.407565179492866303e-01 4.016274184105771416e-01
6.600283811083943464e-01 3.399716188916056536e-01 4.068615006003580836e-01
6.607702743081773633e-01 3.392297256918227477e-01 4.121206127319675949e-01
6.614689622744682751e-01 3.385310377255318359e-01 4.174033414771727291e-01
6.621242572426020434e-01 3.378757427573979566e-01 4.227082671610376541e-01
6.627359831093020404e-01 3.372640168906980707e-01 4.280339641434444675e-01
6.633039754800056365e-01 3.366960245199943635e-01 4.333790012022186167e-01
6.638280817130439715e-01 3.361719182869561395e-01 4.387419419177530644e-01
6.643081609606620308e-01 3.356918390393379692e-01 4.441213450590320022e-01
6.647440842068708111e-01 3.352559157931291889e-01 4.495157649709442538e-01
6.651357343021180313e-01 3.348642656978820797e-01 4.549237519627876147e-01
6.654830059947711707e-01 3.345169940052288293e-01 4.603438526978576029e-01
6.657858059594029543e-01 3.342141940405970457e-01 4.657746105840142037e-01
6.660440528218710687e-01 3.339559471781289313e-01 4.712145661651267470e-01
6.662576771811867804e-01 3.337423228188132196e-01 4.766622575132855033e-01
6.664266216281657940e-01 3.335733783718342060e-01 4.821162206216791368e-01
6.665508407608560226e-01 3.334491592391440329e-01 4.875749897980293235e-01
6.666303011967390502e-01 3.333696988032609498e-01 4.930370980584808382e-01
6.666649815817015101e-01 3.333350184182985454e-01 4.985010775218364221e-01
